190
231
-20
283
52
-250
37
-465
-298
-125
-291
478
333
444
88
356
-272
-383
-426
-413
-270
-450
277
-371
-277
-243
302
303
201
101
325
-136
-79
-38
-353
-291
-297
-14
311
-238
46
-224
-268
71
-204
-85
-236
368
-202
-241
59
-8
-218
-289
-77
296
135
44
211
-167
117
-438
385
120
206
229
-111
174
97
-126
221
-237
347
-292
-90
13
155
239
-405
183
-66
301
-217
19
483
119
-259
226
-476
346
448
-149
-497
88
226
219
-275
-365
3
-382
-22
-381
369
-305
-360
-279
332
-199
-289
-165
-368
49
-413
26
348
-74
-107
-426
266
-42
-454
174
469
-34
-66
385
457
-116
52
-74
180
141
-331
-474
330
168
-212
-177
-387
367
-214
91
16
-383
376
53
-281
474
352
-447
-329
-203
294
-243
313
446
-4
-36
210
199
131
-27
350
43
-194
-83
-452
356
336
488
98
397
-484
393
-43
214
361
-89
247
-168
296
38
248
-475
313
269
-428
-59
-100
-395
-292
-11
-479
73
279
68
73
-320
38
-252
105
-347
-326
-486
-31
411
-397
-486
-240
-141
391
441
348
-269
201
-275
-221
-461
-4
-198
415
281
291
-94
259
-99
207
-278
286
-388
-105
478
-38
222
12
230
-468
273
-156
-86
47
-276
435
378
260
-119
214
-145
-166
68
-191
337
457
-76
-185
-191
-161
338
-171
-451
-387
44
204
-492
-366
295
35
-280
-470
-331
-390
204
-20
-298
233
369
-283
230
-413
322
-304
39
326
343
-454
-232
49
123
225
27
-186
141
136
32
359
-288
-411
181
419
-384
215
458
-467
-14
-492
7
-120
-295
227
259
-461
-351
329
-135
-109
-124
-296
314
-217
-481
72
-193
217
346
-429
64
396
-195
490
362
-305
269
-400
247
-185
-401
284
357
368
372
350
-372
-361
268
494
-5
93
-288
-70
-22
-256
239
-168
242
-368
-362
-205
-51
356
422
80
-20
-487
-444
160
103
-437
442
-352
-177
341
490
475
-474
-275
476
-112
-240
-422
-354
-55
157
421
-109
294
265
305
96
161
59
-239
263
-210
-373
-351
-140
-414
396
492
-70
470
86
-206
-206
43
-192
376
353
192
-472
224
413
405
469
90
-345
-401
-73
401
-173
-119
-342
109
-394
41
284
-302
-403
433
482
11
237
271
420
-376
-35
184
478
222
56
-160
353
-50
276
-328
-149
485
-471
-75
48
-473
78
78
354
398
265
442
-231
10
-315
-22
100
36
410
-326
138
-348
-360
-155
184
495
170
352
459
-189
372
-467
244
112
-193
243
-244
464
-395
-200
113
-351
-205
31
482
-125
-274
354
-90
-230
250
65
317
-390
353

