43
707
366
284
962
57
521
781
938
282
391
381
901
516
582
874
621
508
489
720
128
459
701
170
187
804
919
805
380
119
9
143
663
473
293
435
260
8
668
573
34
643
224
304
142
75
50
411
53
436
222
472
3
250
132
86
97
764
913
954
24
42
887
943
355
371
284
457
889
359
910
736
172
495
292
961
867
519
652
849
283
561
28
815
544
607
301
471
818
79
775
228
312
6
249
670
475
68
55
486
771
583
603
116
901
445
654
132
651
601
228
88
58
105
663
239
181
132
906
666
92
163
803
123
658
731
411
968
196
102
887
960
969
692
926
229
482
914
925
372
83
226
854
549
566
675
47
614
464
864
880
103
366
425
200
480
429
758
226
579
702
477
257
237
403
681
545
543
643
46
298
212
939
247
600
997
771
526
969
508
465
414
13
852
495
671
206
428
59
801
169
511
244
726
800
56
846
655
201
335
264
904
56
523
951
933
926
85
225
146
113
200
377
614
564
819
404
291
967
636
813
614
229
458
988
688
293
465
734
318
288
655
305
946
940
966
898
986
91
798
270
850
316
302
828
987
862
767
268
147
68
45
434
967
949
633
738
730
988
371
337
260
168
870
434
632
743
975
216
560
118
458
42
505
115
103
532
725
491
307
275
628
356
346
15
967
48
407
903
426
346
718
315
640
104
542
711
459
921
99
891
913
54
727
184
440
602
935
884
640
62
708
118
648
192
616
84
90
95
826
346
593
14
307
587
755
12
506
898
308
707
844
727
725
534
604
480
86
813
438
1000
878
304
722
288
421
943
652
849
462
908
726
401
979
937
749
29
758
672
19
757
583
482
83
929
357
654
808
876
829
848
35
618
79
404
344
929
516
343
951
305
520
80
369
976
616
106
608
845
861
879
942
143
66
92
388
111
20
586
905
633
545
318
667
826
534
426
733
577
477
343
511
752
505
925
184
103
28
471
204
42
330
223
314
168
60
610
502
247
126
629
388
954
281
636
744
83
337
279
455
730
535
425
848
710
114
992
515
54
28
552
438
17
245
937
357
982
414
644
188
426
376
361
636
881
446
452
467
528
222
2
346
758
952
402
312
252
561
450
197
157
374
546
988
615
892
540
145
552
97
450
828
322
810
252
139
358
430
974
687

